100
0.94839 0.371475
0.24321 0.502147
0.617726 0.0337763
0.170502 0.356008
0.279455 0.835841
0.538206 0.526529
0.778689 0.586324
0.178025 0.173356
0.624658 0.515059
0.17035 0.0695682
0.866181 0.986781
0.0582744 0.639901
0.298606 0.992661
0.39781 0.894045
0.749661 0.635059
0.284767 0.698051
0.00653447 0.527977
0.200198 0.624261
0.561754 0.370699
0.980269 0.841209
0.20654 0.518475
0.367738 0.985229
0.104799 0.545763
0.158584 0.729457
0.060821 0.328934
0.799025 0.927002
0.315715 0.857299
0.566903 0.614321
0.84996 0.964714
0.508366 0.599621
0.599773 0.793132
0.297672 0.606307
0.32111 0.49787
0.230568 0.882863
0.868569 0.210837
0.724072 0.0751087
0.729312 0.0918096
0.0603372 0.834111
0.637572 0.218922
0.563567 0.698393
0.547855 0.362592
0.625395 0.86357
0.219892 0.192298
0.477891 0.0698515
0.157012 0.986256
0.669473 0.756784
0.779389 0.967145
0.363092 0.100499
0.465014 0.59366
0.983362 0.333583
0.804497 0.707434
0.408692 0.533808
0.799244 0.469029
0.367919 0.436816
0.68795 0.931486
0.135209 0.235806
0.294079 0.760604
0.0993758 0.51397
0.952902 0.577267
0.583822 0.109914
0.563523 0.253294
0.866698 0.342912
0.220439 0.22979
0.443411 0.685453
0.82345 0.426773
0.0190359 0.627946
0.134207 0.427728
0.161755 0.933451
0.896756 0.529673
0.370267 0.584707
0.46116 0.505476
0.820513 0.755238
0.26608 0.919888
0.269209 0.218982
0.497155 0.85303
0.328896 0.0606783
0.106325 0.195595
0.40359 0.326764
0.425385 0.847001
0.0122166 0.248835
0.273774 0.0312526
0.876781 0.407981
0.45898 0.0385354
0.341432 0.355737
0.568209 0.711699
0.940443 0.0293687
0.217175 0.760956
0.784607 0.483255
0.680845 0.0538156
0.702237 0.178
0.906846 0.0311332
0.238678 0.0131706
0.226728 0.642268
0.339934 0.652113
0.489269 0.352151
0.900947 0.763043
0.383403 0.777728
0.171024 0.842384
0.816263 0.512456
0.19812 0.384472
